1st - Computer Science Thesis Ideas

Precision: 0.795
Recall: 0.795
F1: 0.795
Perplexity: 16.588167190551758

2nd - Transformer Research Papers

Precision: 0.797
Recall: 0.784
F1: 0.791
Perplexity: 14.425576210021973

3rd - Electrical Circuits and Solar Cells Papers

Precision: 0.802
Recall: 0.781
F1: 0.791
Perplexity: 14.133881568908691